
1908140660	3,4,6	13,大,单
1908140661	3,4,6	13,大,单
1908140662	1,5,5	11,大,单
1908140663	1,2,6	9,小,单
1908140664	1,4,5	10,小,双
1908140665	4,6,6	16,大,双
1908140666	2,2,5	9,小,单
1908140667	4,5,5	14,大,双
1908140668	1,2,2	5,小,单
1908140669	1,2,4	7,小,单

1908140670	4,4,6	14,大,双
1908140671	1,3,6	10,小,双
1908140672	3,5,5	13,大,单
1908140673	2,5,6	13,大,单
1908140674	1,3,6	10,小,双
1908140675	2,4,6	12,大,双
1908140676	1,2,5	8,小,双
1908140677	1,1,6	8,小,双
1908140678	1,1,2	4,小,双
1908140679	3,6,6	15,大,单

1908140680	1,4,5	10,小,双
1908140681	3,3,6	12,大,双
1908140682	3,4,6	13,大,单
1908140683	1,2,2	5,小,单
1908140684	1,4,6	11,大,单
1908140685	3,4,4	11,大,单
1908140686	1,2,5	8,小,双
1908140687	2,2,3	7,小,单
1908140688	1,5,5	11,大,单
1908140689	2,2,6	10,小,双

1908140690	3,4,5	12,大,双
1908140691	1,2,4	7,小,单
1908140692	1,1,3	5,小,单
1908140693	1,4,5	10,小,双
1908140694	3,4,5	12,大,双
1908140695	3,3,5	11,大,单
1908140696	2,3,5	10,小,双
1908140697	2,3,6	11,大,单
1908140698	3,4,6	13,大,单
1908140699	1,1,3	5,小,单

1908140700	1,3,4	8,小,双
1908140701	2,2,5	9,小,单
1908140702	2,5,6	13,大,单
1908140703	3,5,5	13,大,单
1908140704	2,2,3	7,小,单
1908140705	2,4,5	11,大,单
1908140706	1,1,3	5,小,单
1908140707	1,2,4	7,小,单
1908140708	2,4,5	11,大,单
1908140709	2,6,6	14,大,双

1908140710	3,4,6	13,大,单
1908140711	2,2,5	9,小,单
1908140712	1,3,6	10,小,双
1908140713	3,4,6	13,大,单
1908140714	1,6,6	13,大,单
1908140715	4,6,6	16,大,双
1908140716	1,1,3	5,小,单
1908140717	1,3,6	10,小,双
1908140718	4,5,5	14,大,双
1908140719	3,5,6	14,大,双

1908140720	1,3,5	9,小,单
1908140721	3,5,5	13,大,单
1908140722	3,4,6	13,大,单
1908140723	5,6,6	17,大,单
1908140724	3,5,5	13,大,单
1908140725	1,3,5	9,小,单
1908140726	1,1,6	8,小,双
1908140727	5,5,6	16,大,双
1908140728	2,5,6	13,大,单
1908140729	4,5,5	14,大,双

1908140730	1,6,6	13,大,单
1908140731	2,3,6	11,大,单
1908140732	3,5,6	14,大,双
1908140733	2,3,6	11,大,单
1908140734	1,5,5	11,大,单
1908140735	1,1,6	8,小,双
1908140736	2,4,4	10,小,双
1908140737	2,2,6	10,小,双
1908140738	2,3,5	10,小,双
1908140739	2,5,6	13,大,单

1908140740	2,2,4	8,小,双
1908140741	2,3,4	9,小,单
1908140742	3,4,4	11,大,单
1908140743	1,4,5	10,小,双
1908140744	1,4,6	11,大,单
1908140745	2,3,5	10,小,双
1908140746	5,6,6	17,大,单
1908140747	4,4,5	13,大,单
1908140748	3,3,6	12,大,双
1908140749	4,4,5	13,大,单

1908140750	1,2,3	6,小,双
1908140751	3,5,5	13,大,单
1908140752	1,3,3	7,小,单
1908140753	3,3,6	12,大,双
1908140754	1,3,6	10,小,双
1908140755	1,3,3	7,小,单
1908140756	1,4,4	9,小,单
1908140757	1,3,4	8,小,双
1908140758	1,1,4	6,小,双
1908140759	2,3,4	9,小,单

1908140760	3,4,4	11,大,单
1908140761	3,4,5	12,大,双
1908140762	2,3,4	9,小,单
1908140763	1,1,2	4,小,双
1908140764	3,4,4	11,大,单
1908140765	1,2,6	9,小,单
1908140766	2,5,6	13,大,单
1908140767	2,3,4	9,小,单
1908140768	1,5,5	11,大,单
1908140769	3,4,5	12,大,双

1908140770	2,3,4	9,小,单
1908140771	1,3,3	7,小,单
1908140772	1,3,5	9,小,单
1908140773	1,2,4	7,小,单
1908140774	2,3,5	10,小,双
1908140775	2,2,4	8,小,双
1908140776	4,5,6	15,大,单
1908140777	3,3,4	10,小,双
1908140778	1,5,6	12,大,双
1908140779	3,3,4	10,小,双

1908140780	1,4,6	11,大,单
1908140781	3,3,5	11,大,单
1908140782	3,5,6	14,大,双
1908140783	2,3,4	9,小,单
1908140784	4,5,6	15,大,单
1908140785	2,3,5	10,小,双
1908140786	1,5,6	12,大,双
1908140787	1,6,6	13,大,单
1908140788	3,3,5	11,大,单
1908140789	1,3,4	8,小,双

1908140790	1,2,4	7,小,单
1908140791	1,2,3	6,小,双
1908140792	1,1,4	6,小,双
1908140793	3,5,6	14,大,双
1908140794	1,3,6	10,小,双
1908140795	1,4,6	11,大,单
1908140796	1,3,6	10,小,双
1908140797	2,2,6	10,小,双
1908140798	1,5,5	11,大,单
1908140799	1,3,5	9,小,单

1908140800	1,5,6	12,大,双
1908140801	1,4,6	11,大,单
1908140802	1,2,4	7,小,单
1908140803	2,4,6	12,大,双
1908140804	1,1,3	5,小,单
1908140805	2,2,3	7,小,单
1908140806	1,2,2	5,小,单
1908140807	2,3,6	11,大,单
1908140808	5,5,6	16,大,双
1908140809	4,5,6	15,大,单

1908140810	1,5,5	11,大,单
1908140811	3,3,5	11,大,单
1908140812	2,2,5	9,小,单
1908140813	2,2,3	7,小,单
1908140814	1,1,4	6,小,双
1908140815	1,4,5	10,小,双
1908140816	3,5,6	14,大,双
1908140817	1,3,5	9,小,单
1908140818	2,2,5	9,小,单
1908140819	2,5,6	13,大,单

1908140820	2,5,6	13,大,单
1908140821	5,5,6	16,大,双
1908140854	1,2,4	7,小,单
1908140855	1,1,5	7,小,单
1908150929	1,2,6	9,小,单

1908150930	2,3,5	10,小,双
1908150932	1,5,6	12,大,双
1908150933	1,4,6	11,大,单
1908150934	4,5,6	15,大,单
1908150935	4,6,6	16,大,双
1908150936	2,3,5	10,小,双
1908150937	2,3,4	9,小,单
1908150938	4,4,6	14,大,双
1908150939	3,6,6	15,大,单

1908150940	1,3,5	9,小,单
1908150941	1,1,4	6,小,双
1908150942	1,2,4	7,小,单
1908150943	1,4,6	11,大,单
1908150944	2,4,4	10,小,双
1908150945	4,6,6	16,大,双
1908150946	3,4,6	13,大,单
1908150947	1,1,6	8,小,双
1908150948	2,5,6	13,大,单
1908150949	1,2,5	8,小,双

1908150950	2,4,4	10,小,双
1908150951	1,5,5	11,大,单
1908150952	2,3,5	10,小,双
1908150953	1,2,4	7,小,单
1908150954	3,3,6	12,大,双
1908150955	1,4,5	10,小,双
1908150956	3,4,4	11,大,单
1908150957	4,4,5	13,大,单
1908150958	1,3,6	10,小,双
1908150959	1,3,6	10,小,双

1908150960	2,3,3	8,小,双
1908150961	2,3,4	9,小,单
1908150962	1,2,5	8,小,双
1908150963	1,5,5	11,大,单
1908150964	1,2,6	9,小,单
1908150965	1,2,5	8,小,双
1908150966	2,3,5	10,小,双
1908150967	1,1,6	8,小,双
1908150968	1,4,5	10,小,双
1908150969	1,5,6	12,大,双

1908150970	1,1,2	4,小,双
1908150971	1,4,5	10,小,双
1908150972	4,4,6	14,大,双
1908150973	1,2,2	5,小,单
1908150974	3,5,6	14,大,双
1908150975	1,3,4	8,小,双
1908150976	1,3,6	10,小,双
1908150979	2,3,6	11,大,单
1908150983	1,2,5	8,小,双
1908150984	3,5,6	14,大,双
1908150985	2,5,6	13,大,单
1908150986	3,5,6	14,大,双
1908150987	3,6,6	15,大,单
1908150988	3,5,6	14,大,双
1908150989	1,4,5	10,小,双

1908150990	1,1,3	5,小,单
1908150991	1,4,4	9,小,单
1908150992	3,3,5	11,大,单
1908150993	1,4,6	11,大,单
1908150994	1,3,4	8,小,双
1908150995	1,1,2	4,小,双
1908150996	1,3,6	10,小,双
1908150997	2,4,5	11,大,单
1908150998	2,2,6	10,小,双
1908150999	1,5,5	11,大,单

1908151000	1,3,6	10,小,双
1908151001	1,2,6	9,小,单
1908151002	2,4,6	12,大,双
1908151003	4,5,6	15,大,单
1908151004	1,5,5	11,大,单
1908151005	1,1,3	5,小,单
1908151006	1,3,5	9,小,单
1908151007	3,4,6	13,大,单
1908151008	3,4,6	13,大,单
1908151009	1,2,3	6,小,双

1908151010	1,3,6	10,小,双
1908151011	2,2,5	9,小,单
1908151012	5,6,6	17,大,单
1908151013	1,1,4	6,小,双
1908151014	1,3,5	9,小,单
1908151015	2,3,6	11,大,单
1908151016	2,4,5	11,大,单
1908151017	1,1,6	8,小,双
1908151018	5,6,6	17,大,单
1908151019	2,4,5	11,大,单

1908151020	1,2,5	8,小,双
1908151027	1,2,4	7,小,单
1908151028	2,3,5	10,小,双
1908151029	1,2,3	6,小,双

1908151030	1,3,5	9,小,单
1908151031	1,2,5	8,小,双
1908151032	2,5,6	13,大,单
1908151033	2,3,6	11,大,单
1908151034	1,5,6	12,大,双
1908151035	1,2,3	6,小,双
1908151036	4,4,6	14,大,双
1908151037	2,3,5	10,小,双
1908151038	3,3,6	12,大,双
1908151039	1,5,5	11,大,单

1908151040	1,6,6	13,大,单
1908151041	1,4,6	11,大,单
1908151042	3,4,5	12,大,双
1908151043	1,3,5	9,小,单
1908151044	3,6,6	15,大,单
1908151045	4,4,6	14,大,双
1908151046	2,3,3	8,小,双
1908151047	3,3,6	12,大,双
1908151048	2,3,4	9,小,单
1908151049	5,6,6	17,大,单

1908151050	3,3,6	12,大,双
1908151051	5,5,6	16,大,双
1908151052	4,5,5	14,大,双
1908151053	2,5,6	13,大,单
1908151054	1,4,4	9,小,单
1908151055	1,2,4	7,小,单
1908151056	2,5,6	13,大,单
1908151057	2,3,4	9,小,单
1908151058	3,5,6	14,大,双
1908151059	2,3,4	9,小,单

1908151060	2,2,5	9,小,单
1908151061	1,3,6	10,小,双
1908151062	1,1,2	4,小,双
1908151063	1,1,5	7,小,单
1908151064	4,5,6	15,大,单
1908151065	3,4,6	13,大,单
1908151066	4,4,6	14,大,双
1908151067	2,3,5	10,小,双
1908151068	1,4,5	10,小,双
1908151069	2,5,6	13,大,单

1908151070	1,3,4	8,小,双
1908151071	1,1,2	4,小,双
1908151072	3,5,6	14,大,双
1908151073	3,6,6	15,大,单
1908151074	4,6,6	16,大,双
1908151075	4,5,5	14,大,双
1908151076	4,6,6	16,大,双
1908151077	2,2,3	7,小,单
1908151078	1,4,6	11,大,单
1908151079	2,4,4	10,小,双

1908151080	2,2,4	8,小,双
1908151081	2,6,6	14,大,双
1908151082	2,2,4	8,小,双
1908151083	1,1,4	6,小,双
1908151084	2,2,4	8,小,双
1908151085	1,4,6	11,大,单
1908151086	1,3,5	9,小,单
1908151087	4,4,5	13,大,单
1908151088	3,5,5	13,大,单
1908151089	3,5,5	13,大,单

1908151090	2,2,5	9,小,单
1908151091	2,2,4	8,小,双
1908151092	1,3,5	9,小,单
1908151093	2,2,5	9,小,单
1908151094	2,5,6	13,大,单
1908151095	1,1,4	6,小,双
1908151096	3,5,6	14,大,双
1908151097	3,5,6	14,大,双
1908151098	2,2,3	7,小,单
1908151099	4,5,6	15,大,单
1908151101	3,3,6	12,大,双
1908151102	2,3,5	10,小,双
1908151103	3,5,5	13,大,单
1908151104	1,3,6	10,小,双
1908151105	2,4,6	12,大,双
1908151106	1,3,4	8,小,双
1908151107	3,6,6	15,大,单
1908151108	4,5,6	15,大,单
1908151109	1,3,5	9,小,单

1908151110	2,3,4	9,小,单
1908151111	4,4,6	14,大,双
1908151112	2,4,6	12,大,双
1908151113	5,6,6	17,大,单
1908151114	1,1,3	5,小,单
1908151115	1,2,3	6,小,双
1908151116	2,6,6	14,大,双
1908151117	1,2,2	5,小,单
1908151118	2,3,3	8,小,双
1908151119	3,4,5	12,大,双

1908151120	1,2,4	7,小,单
1908151121	2,3,5	10,小,双
1908151122	2,3,4	9,小,单
1908151123	1,5,6	12,大,双
1908151124	2,4,6	12,大,双
1908151125	2,5,6	13,大,单
1908151126	1,2,2	5,小,单
1908151127	1,4,4	9,小,单
1908151128	1,4,6	11,大,单
1908151129	1,5,6	12,大,双

1908151130	1,1,2	4,小,双
1908151131	1,2,6	9,小,单
1908151132	3,4,5	12,大,双
1908151133	3,5,5	13,大,单
1908151134	2,5,5	12,大,双
1908151135	3,4,6	13,大,单
1908151136	5,6,6	17,大,单
1908151137	3,4,4	11,大,单
1908151138	3,5,5	13,大,单
1908151139	1,3,6	10,小,双

1908151140	4,5,5	14,大,双
1908151141	1,4,5	10,小,双
1908151142	3,5,5	13,大,单
1908151143	1,2,2	5,小,单
1908151144	1,1,2	4,小,双
1908151145	2,3,4	9,小,单
1908151146	1,5,6	12,大,双
1908151147	1,5,6	12,大,双
1908151148	3,4,6	13,大,单
1908151149	2,5,6	13,大,单

1908151150	3,4,4	11,大,单
1908151151	2,2,6	10,小,双
1908151152	2,2,4	8,小,双
1908151153	4,4,6	14,大,双
1908151154	1,3,6	10,小,双
1908151155	3,4,4	11,大,单
1908151156	1,1,6	8,小,双
1908151157	1,5,6	12,大,双
1908151158	1,2,4	7,小,单
1908151159	5,5,6	16,大,双

1908151160	1,3,5	9,小,单
1908151161	2,2,4	8,小,双
1908151162	1,2,4	7,小,单
1908151163	2,3,5	10,小,双
1908151164	4,5,5	14,大,双
1908151165	3,5,6	14,大,双
1908151166	1,5,6	12,大,双
1908151167	2,5,5	12,大,双
1908151168	2,4,6	12,大,双
1908151169	1,3,3	7,小,单

1908151170	2,6,6	14,大,双
1908151171	1,5,5	11,大,单
1908151172	2,5,5	12,大,双
1908151173	1,1,4	6,小,双
1908151174	2,5,6	13,大,单
1908151175	2,4,5	11,大,单
1908151176	1,4,6	11,大,单
1908151177	1,1,3	5,小,单
1908151178	1,3,6	10,小,双
1908151179	2,2,6	10,小,双

1908151180	1,1,2	4,小,双
1908151181	2,5,6	13,大,单
1908151182	1,4,6	11,大,单
1908151183	1,5,6	12,大,双
1908151184	1,6,6	13,大,单
1908151185	2,4,6	12,大,双
1908151186	1,1,6	8,小,双
1908151187	1,1,2	4,小,双
1908151188	1,6,6	13,大,单
1908151189	2,5,5	12,大,双

1908151190	2,3,5	10,小,双
1908160526	3,5,6	14,大,双
1908160527	2,2,6	10,小,双
1908160528	5,5,6	16,大,双
1908160529	2,4,4	10,小,双

1908160530	1,1,5	7,小,单
1908160531	2,5,5	12,大,双
1908160532	1,2,5	8,小,双
1908160534	1,2,4	7,小,单
1908160535	3,3,4	10,小,双
1908160536	4,5,6	15,大,单
1908160537	2,3,4	9,小,单
1908160538	1,4,4	9,小,单
1908160539	1,4,6	11,大,单

1908160540	2,3,6	11,大,单
1908160541	2,2,3	7,小,单
1908160542	2,3,4	9,小,单
1908160543	1,2,3	6,小,双
1908160544	1,2,3	6,小,双
1908160545	2,2,4	8,小,双
1908160546	3,6,6	15,大,单
1908160547	2,5,6	13,大,单
1908160548	2,2,4	8,小,双
1908160549	3,4,6	13,大,单

1908160550	2,3,4	9,小,单
1908160551	1,3,3	7,小,单
1908160552	4,4,6	14,大,双
1908160553	2,6,6	14,大,双
1908160554	4,4,5	13,大,单
1908160555	1,4,4	9,小,单
1908160556	1,2,3	6,小,双
1908160557	1,4,6	11,大,单
1908160558	2,5,6	13,大,单
1908160559	2,5,5	12,大,双

1908160560	5,5,6	16,大,双
1908160561	2,3,3	8,小,双
1908160562	1,2,6	9,小,单
1908160563	3,4,5	12,大,双
1908160564	4,6,6	16,大,双
1908160565	2,3,5	10,小,双
1908160566	4,6,6	16,大,双
1908160567	2,4,5	11,大,单
1908160568	1,2,4	7,小,单
1908160569	1,2,4	7,小,单

1908160570	1,5,6	12,大,双
1908160571	3,4,6	13,大,单
1908160572	1,1,6	8,小,双
1908160573	2,4,6	12,大,双
1908160574	1,3,4	8,小,双
1908160575	1,1,6	8,小,双
1908160576	1,3,5	9,小,单
1908160577	2,4,6	12,大,双
1908160578	2,2,5	9,小,单
1908160579	1,3,5	9,小,单

1908160580	1,3,6	10,小,双
1908160581	1,4,6	11,大,单
1908160582	1,4,4	9,小,单
1908160583	2,3,6	11,大,单
1908160584	4,4,6	14,大,双
1908160585	3,3,4	10,小,双
1908160586	2,6,6	14,大,双
1908160587	4,5,6	15,大,单
1908160588	1,2,5	8,小,双
1908160589	2,3,3	8,小,双

1908160590	3,4,5	12,大,双
1908160591	4,4,6	14,大,双
1908160592	1,4,6	11,大,单
1908160593	2,2,6	10,小,双
1908160594	1,2,2	5,小,单
1908160595	4,5,6	15,大,单
1908160596	1,3,4	8,小,双
1908160597	2,3,4	9,小,单
1908160598	2,2,6	10,小,双
1908160599	2,3,6	11,大,单

1908160600	2,4,5	11,大,单
1908160601	1,4,6	11,大,单
1908160602	1,2,3	6,小,双
1908160603	3,4,5	12,大,双
1908160604	3,5,6	14,大,双
1908160605	2,3,4	9,小,单
1908160606	1,6,6	13,大,单
1908160607	1,4,6	11,大,单
1908160608	5,6,6	17,大,单
1908160609	1,2,3	6,小,双

1908160610	2,2,3	7,小,单
1908160611	3,3,6	12,大,双
1908160612	1,1,3	5,小,单
1908160617	4,5,6	15,大,单
1908160618	1,4,5	10,小,双
1908160619	1,5,6	12,大,双

1908160620	3,6,6	15,大,单
1908160621	3,4,5	12,大,双
1908160622	1,3,3	7,小,单
1908160623	3,4,5	12,大,双
1908160624	2,3,4	9,小,单
1908160625	1,3,5	9,小,单
1908160626	1,4,4	9,小,单
1908160627	1,3,5	9,小,单
1908160628	1,4,6	11,大,单
1908160629	3,3,4	10,小,双

1908160630	2,5,6	13,大,单
1908160631	3,5,5	13,大,单
1908160632	3,5,5	13,大,单
1908160633	2,4,6	12,大,双
1908160634	2,3,3	8,小,双
1908160635	3,6,6	15,大,单
1908160636	1,5,5	11,大,单
1908160637	1,6,6	13,大,单
1908160638	1,3,5	9,小,单
1908160639	4,5,6	15,大,单

1908160640	1,1,6	8,小,双
1908160641	2,2,4	8,小,双
1908160642	4,5,6	15,大,单
1908160643	3,5,6	14,大,双
1908160644	2,3,5	10,小,双
1908160645	1,3,4	8,小,双
1908160646	2,3,5	10,小,双
1908160647	3,3,5	11,大,单
1908160648	1,3,5	9,小,单
1908160649	2,3,4	9,小,单

1908160650	2,6,6	14,大,双
1908160651	4,6,6	16,大,双
1908160652	2,3,5	10,小,双
1908160653	2,3,6	11,大,单
1908160654	4,5,6	15,大,单
1908160655	3,3,6	12,大,双
1908160656	1,2,6	9,小,单
1908160657	1,3,5	9,小,单
1908160658	3,4,6	13,大,单
1908160659	1,3,6	10,小,双

1908160660	1,2,5	8,小,双
1908160661	4,4,6	14,大,双
1908160662	1,1,3	5,小,单
1908160663	1,5,6	12,大,双
1908160664	1,3,6	10,小,双
1908160665	1,4,6	11,大,单
1908160666	1,6,6	13,大,单
1908160667	5,6,6	17,大,单
1908160668	3,4,5	12,大,双
1908160669	2,3,4	9,小,单

1908160670	1,3,5	9,小,单
1908160671	4,5,6	15,大,单
1908160672	1,1,3	5,小,单
1908160673	1,2,3	6,小,双
1908160674	1,2,6	9,小,单
1908160675	2,4,5	11,大,单
1908160676	2,2,5	9,小,单
1908160677	4,5,5	14,大,双
1908160678	4,4,5	13,大,单
1908160679	1,4,6	11,大,单

1908160680	1,2,5	8,小,双
1908160681	1,2,3	6,小,双
1908160682	2,2,6	10,小,双
1908160683	1,2,4	7,小,单
1908160684	1,1,6	8,小,双
1908160685	1,3,5	9,小,单
1908160686	1,2,2	5,小,单
1908160687	3,4,6	13,大,单
1908160688	1,3,4	8,小,双
1908160689	1,2,6	9,小,单

1908160690	1,4,5	10,小,双
1908160691	1,2,5	8,小,双
1908160692	4,4,6	14,大,双
1908160693	2,2,3	7,小,单
1908160694	1,2,3	6,小,双
1908160695	1,3,5	9,小,单
1908160696	1,1,2	4,小,双
1908160697	3,5,6	14,大,双
1908160698	1,3,4	8,小,双
1908160699	3,6,6	15,大,单

1908160700	1,2,4	7,小,单
1908160701	3,4,6	13,大,单
1908160702	2,3,4	9,小,单
1908160703	1,4,5	10,小,双
1908160704	2,5,6	13,大,单
1908160705	2,4,6	12,大,双
1908160706	3,5,6	14,大,双
1908160707	2,5,6	13,大,单
1908160708	2,4,5	11,大,单
1908160709	2,3,6	11,大,单

1908160710	1,2,4	7,小,单
1908160711	1,5,6	12,大,双
1908160712	1,5,6	12,大,双
1908160713	3,4,4	11,大,单
1908160714	1,2,6	9,小,单
1908160715	2,3,3	8,小,双
1908160716	5,5,6	16,大,双
1908160717	1,2,4	7,小,单
1908160718	3,4,4	11,大,单
1908160719	4,5,5	14,大,双

1908160720	3,5,6	14,大,双
1908160721	1,3,5	9,小,单
1908160722	1,3,5	9,小,单
1908160723	1,2,3	6,小,双
1908160724	1,4,4	9,小,单
1908160725	2,3,3	8,小,双
1908160726	1,2,2	5,小,单
1908160727	2,3,4	9,小,单
1908160728	3,4,6	13,大,单
1908160729	5,5,6	16,大,双

1908160730	1,2,5	8,小,双
1908160731	3,4,5	12,大,双
1908160732	4,5,6	15,大,单
1908160733	1,4,5	10,小,双
1908160734	2,6,6	14,大,双
1908160735	1,4,5	10,小,双
1908160736	2,2,4	8,小,双
1908160737	5,5,6	16,大,双
1908160738	4,5,6	15,大,单
1908160739	1,4,6	11,大,单

1908160740	2,3,5	10,小,双
1908160741	3,4,5	12,大,双
1908160742	1,2,4	7,小,单
1908160743	1,1,6	8,小,双
1908160744	2,4,5	11,大,单
1908160745	1,3,5	9,小,单
1908160746	2,3,5	10,小,双
1908160747	2,6,6	14,大,双
1908160748	2,4,5	11,大,单
1908160749	1,1,6	8,小,双

1908160750	3,3,5	11,大,单
1908160751	2,5,6	13,大,单
1908160752	1,3,3	7,小,单
1908160753	4,5,6	15,大,单
1908160754	3,5,6	14,大,双
1908160755	1,2,5	8,小,双
1908160756	2,4,5	11,大,单
1908160757	2,2,4	8,小,双
1908160758	1,2,2	5,小,单
1908160759	2,2,6	10,小,双

1908160760	2,2,4	8,小,双
1908160761	2,3,6	11,大,单
1908160762	2,5,6	13,大,单
1908160763	2,3,4	9,小,单
1908160764	1,4,6	11,大,单
1908160765	2,3,4	9,小,单
1908160766	4,5,5	14,大,双
1908160767	3,3,6	12,大,双
1908160768	1,1,6	8,小,双
1908160769	2,4,5	11,大,单

1908160770	3,3,6	12,大,双
1908160771	3,3,6	12,大,双
1908160772	2,3,5	10,小,双
1908160773	2,4,5	11,大,单
1908160774	2,3,4	9,小,单
1908160775	1,2,2	5,小,单
1908160776	1,2,4	7,小,单
1908160777	2,4,5	11,大,单
1908160778	3,5,6	14,大,双
1908160779	4,5,6	15,大,单

1908160780	1,1,4	6,小,双
1908160781	1,2,6	9,小,单
1908160782	1,3,4	8,小,双
1908160783	2,3,5	10,小,双
1908160784	3,4,5	12,大,双
1908160785	2,5,6	13,大,单
1908160786	3,3,4	10,小,双
1908160787	5,5,6	16,大,双
1908160788	1,4,6	11,大,单
1908160789	2,3,6	11,大,单

1908160790	1,4,5	10,小,双
1908160791	1,3,4	8,小,双
1908160792	4,4,5	13,大,单
1908160793	2,3,5	10,小,双
1908160794	1,1,4	6,小,双
1908160795	1,2,5	8,小,双
1908160796	2,4,5	11,大,单
1908160797	2,3,4	9,小,单
1908160798	2,2,5	9,小,单
1908160799	1,1,2	4,小,双

1908160800	1,2,4	7,小,单
1908160801	1,5,6	12,大,双
1908160802	2,3,4	9,小,单
1908160803	2,3,6	11,大,单
1908160804	2,4,5	11,大,单
1908160805	3,4,5	12,大,双
1908160806	2,2,6	10,小,双
1908160807	2,5,5	12,大,双
1908160808	1,1,4	6,小,双
1908160809	1,2,5	8,小,双

1908160810	3,5,6	14,大,双
1908160811	1,3,4	8,小,双
1908160812	3,5,6	14,大,双
1908160813	1,1,5	7,小,单
1908160814	2,4,6	12,大,双
1908160815	4,5,5	14,大,双
1908160816	1,2,6	9,小,单
1908160817	1,2,5	8,小,双
1908160818	1,3,4	8,小,双
1908160819	1,2,2	5,小,单

1908160820	1,5,5	11,大,单
1908160822	1,3,5	9,小,单
1908160823	4,5,6	15,大,单
1908160824	1,5,5	11,大,单
1908160825	4,6,6	16,大,双
1908160826	1,1,5	7,小,单
1908160827	1,3,6	10,小,双
1908160828	1,2,6	9,小,单
1908160829	1,3,5	9,小,单

1908160830	1,1,3	5,小,单
1908160831	1,5,6	12,大,双
1908160832	2,3,4	9,小,单
1908160833	1,4,6	11,大,单
1908160834	1,1,5	7,小,单
1908160835	3,5,6	14,大,双
1908160836	1,5,6	12,大,双
1908160837	1,2,3	6,小,双
1908160838	1,4,6	11,大,单
1908160839	1,3,4	8,小,双

1908160840	2,2,6	10,小,双
1908160841	1,3,4	8,小,双
1908160842	1,5,6	12,大,双
1908160843	3,4,4	11,大,单
1908160844	1,3,4	8,小,双
1908160845	3,4,5	12,大,双
1908160846	2,6,6	14,大,双
1908160847	1,1,5	7,小,单
1908160848	2,4,5	11,大,单
1908160849	2,3,4	9,小,单

1908160850	2,4,5	11,大,单
1908160851	2,3,3	8,小,双
1908160852	1,2,6	9,小,单
1908160853	3,4,4	11,大,单
1908160854	4,5,5	14,大,双
1908160855	1,4,4	9,小,单
1908160856	2,2,6	10,小,双
1908160857	1,2,4	7,小,单
1908160858	2,3,4	9,小,单
1908160859	1,1,4	6,小,双

1908160860	5,5,6	16,大,双
1908160861	3,5,5	13,大,单
1908160862	1,3,5	9,小,单
1908160863	1,4,6	11,大,单
1908160864	2,4,4	10,小,双
1908160865	2,2,3	7,小,单
1908160866	3,4,6	13,大,单
1908160867	3,3,6	12,大,双
1908160868	1,4,6	11,大,单
1908160869	2,4,4	10,小,双

1908160870	2,2,3	7,小,单
1908160871	2,3,6	11,大,单
1908160872	4,5,6	15,大,单
1908160873	1,2,3	6,小,双
1908160874	4,6,6	16,大,双
1908160875	3,4,6	13,大,单
1908160876	3,5,6	14,大,双
1908160877	2,5,5	12,大,双
1908160878	1,3,4	8,小,双
1908160879	1,2,3	6,小,双

1908160880	2,3,5	10,小,双
